16727
16676
16614
16361
16409
16371
16469
16522
16457
16239
16328
16239
16456
16308
16156
16531
16629
16251
16434
16321
16252
16337
16493
16289
16313
16593
16236
16570
16214
16580
16553
16588
16404
16725
16491
16341
16233
16663
16303
16303
16209
16177
16112
16748
16527
16480
16454
15912
16366
16474
16517
16288
16305
16548
16520
16412
16322
16243
16476
16685
16253
16198
15935
16153
16463
16214
16705
16278
16269
16428
16492
16387
16369
16334
16382
16501
16443
16170
16355
16280
16398
16555
16244
15954
16221
16456
16479
16406
16334
16383
16437
16767
16685
16372
16502
16582
16450
16128
16017
16387
16449
16242
16340
16609
16852
16318
16068
16133
15931
16410
16574
16235
16443
16416
16222
16779
16330
16379
16447
16236
16121
16101
16468
16557
16587
16178
16298
16576
16350
16034
16377
16486
16467
16204
16455
16496
16440
16393
16786
16101
16066
16472
16460
16310
16433
16265
16292
16516
16509
16523
16414
16363
16250
16387
16442
16431
16676
16407
16353
16535
16317
16400
16348
16441
16517
16431
16231
16276
16777
16618
16171
16423
16545
16173
16638
16503
16202
16391
16502
16594
16101
16607
16248
16263
16389
16419
16439
16199
16571
16413
16664
16211
16370
16325
16161
16331
16406
16416
16447
16378
16469
16668
16325
16535
16537
16529
16457
16329
16196
15974
16128
16565
16106
16659
16392
16301
16426
16244
16232
16200
16516
16357
16501
16614
16693
16082
16464
16392
16386
16370
16724
16601
16301
16343
16373
16251
16158
16358
16364
16436
16376
16264
16370
16697
16393
16265
16712
16419
16488
16610
16636
16734
16395
15908
16240
16212
15925
16443
16610
16257
16331
16258
16770
16493
16674
16318
16226
16354
16312
16474
16393
15990
16361
16196
16451
16313
16507
15816
16773
16445
16409
16559
16256
16391
16033
16294
16375
16220
16300
16211
16471
16592
16504
16304
16283
16471
16005
16275
16463
16625
16540
16295
16339
16958
16444
16241
16088
16317
16579
16331
16433
16259
16377
16285
16228
16528
16502
16015
16377
16453
16403
16242
16228
16571
16347
16287
16215
16501
16365
16543
16389
16456
16519
16247
16320
16118
16149
16535
16522
16447
16596
16689
16541
16542
16484
16483
16266
16411
16514
16353
16343
16603
16379
16217
16341
16633
16310
16588
16207
16419
16517
16423
16768
16548
16470
16363
16369
16241
16411
16362
16118
16788
16539
16505
16599
16227
16090
16401
16560
16387
16514
16608
16351
16436
16427
16339
16502
16077
16481
16525
16271
16265
16386
16345
16641
16395
16114
16335
16287
16148
16649
16317
16518
16492
16381
16335
16435
16465
16598
16132
16241
16359
16365
16170
16745
16180
16306
16431
16347
16534
16491
16466
16583
16126
16621
16305
16238
16351
16274
16177
16280
16279
16522
16434
15960
16242
16539
16556
16294
16326
16509
16362
16349
16648
16206
16629
16569
16157
16341
16771
16202
16432
16210
16112
16271
16493
16543
16398
16436
16619
16694
16236
16207
16745
16514
16529
16590
16683
16116
16364
16343
16246
16691
16314
16136
16413
16483
16511
16351
16179
16498
16558
16438
16320
16384
16455
16440
16504
16501
16472
16443
16041
16208
16378
16643
16360
16002
16583
16613
16337
16270
16360
16183
16522
16205
16220
16034
16661
16480
16461
16547
16387
16389
16267
16108
16688
16458
16780
16253
16176
16205
16322
16303
16306
16525
16412
16192
16446
16268
16203
15978
16405
16315
16377
16445
16208
16086
16695
16438
16514
16239
16341
16506
16544
16154
16382
16210
16087
16310
16457
16419
16577
16143
16263
16225
15943
16449
16485
16535
16261
16393
16343
16540
16335
16701
16388
16530
16289
16565
16223
16304
16670
16888
16887
16373
16449
16405
16241
16347
16551
16581
16137
16387
16372
16409
16398
16292
16273
16375
16308
16593
16396
16178
16590
16070
16313
16486
16624
16465
16206
16463
16423
16181
16132
16289
16527
16752
16190
16410
16248
16135
16505
16537
16584
16416
16405
16367
16938
16358
16284
16516
16077
16241
16295
16429
15959
16644
16199
16451
16311
16531
16326
16345
16306
16476
16459
16192
16604
16404
16506
16386
16455
16035
16095
16481
16306
16496
16556
16631
15912
16306
16550
16301
16623
16149
16120
16283
16160
16370
16537
16227
16642
16170
16350
16257
16248
16234
16318
16232
16540
16340
16433
16400
16643
16431
16552
16431
16166
16386
16501
16323
16656
16617
16523
16473
16386
16333
16333
16341
16106
16435
16423
16708
16455
16525
16187
16430
15992
16539
16262
16614
16093
16570
16369
16257
16197
16185
16431
16602
16613
16330
16426
16300
16327
16246
16421
16575
16296
16509
16535
16307
16719
16166
16374
16252
16155
16498
16413
16000
16711
16518
16660
16504
16555
16164
16638
16319
16473
16419
16558
16490
16168
16243
16535
16408
16263
16443
16369
16410
16587
16322
16288
16370
16470
16220
16328
16481
16584
16495
15927
16157
16612
16400
16700
16598
16303
16887
16166
16328
16089
16437
16184
16071
16234
16360
16498
16224
15942
16142
16514
16401
16276
16320
16554
16014
16245
16741
16300
16462
16294
16553
16491
16374
16053
16029
16547
16270
16441
16422
16161
16567
16238
16355
16636
16452
16609
16230
16424
16424
16263
16756
16673
16579
16529
16217
16620
16179
16260
16539
16106
16451
16013
16442
16699
16279
16546
16683
16698
16211
16465
16245
16539
16393
16074
16419
16309
16314
16332
16638
16245
16197
16581
16321
16434
16112
16331
16275
16251
16540
16198
16423
16005
16383
16463
16256
16212
16248
15936
16370
16523
16401
16384
16302
16413
16795
16332
16725
16434
16448
16224
16459
16108
16142
16269
16320
16502
16111
16232
16207
16446
16075
16253
16589
16740
16351
16288
16273
16242
16486
16441
16768
16670
16613
15903
16583
16621
16818
16358
16427
16244
16230
16380
16203
16332
16406
16104
16515
16520
16323
16397
16774
16585
16317
16177
16378
16456
16286
16259
16397
16392
16310
16373
16788
16460
16435
16204
16392
16462
16089
16321
16221
16660
16599
16556
16424
16359
16608
16502
16091
16378
16023
16260
16324
16036
16256
16022
16581
16394
16313
16176
16716
16442
16307
16478
16334
16618
16504
16408
16181
16556
16259
16313
16248
16625
16662
16578
16845
16409
16432
16140
16156
16194
16086
16292
16327
16478
16391
16229
16167
16553
16380
16389
16234
16503
16376
16097
16433
16349
16166
16763
16137
16542
16211
16251
16310
16430
16307
16551
16501
16263
16270
16410
16650
16448
16214
16372
16205
16176
16343
16620
16263
16480
16065
16582
16427
16240
16309
16198
16197
16426
16335
16356
16184
16483
16342
16327
16530
16104
16572
16231
16393
16414
16351
16446
16577
16212
16330
16741
16716
16214
16249
16174
16440
16237
16360
16209
16308
16355
16222
16399
16523
16454
16360
16281
16216
16421
16292
16265
16285
16489
16186
16551
16464
16325
16306
15894
16323
16507
16459
16022
16514
16210
16164
16458
16476
16738
16397
16005
16632
16281
16268
16443
16285
16296
16470
16319
16112
16301
16690
16318
16291
16516
16233
16317
16396
16266
15914
16156
16556
16316
16217
16346
16422
16227
16377
16524
16252
16540
16369
16183
16670
16178
16359
16317
16056
16109
16485
16249
16574
16338
16423
16435
16205
16302
16362
16120
16606
16572
16298
16556
16065
16661
16337
16216
16207
16406
16355
16687
16460
16463
16203
16072
16269
16123
16521
16324
16289
16525
16481
16090
16094
16203
16343
16499
16608
16397
16299
16312
16236
16114
16385
16337
16215
16212
16239
16115
16589
16770
16339
16478
16166
16367
16417
16609
16250
16315
16190
16527
16513
16466
16303
16511
16265
16457
16373
16205
16517
16676
16226
16406
16596
16448
16588
16476
16303
16235
16209
16258
16369
16339
16503
16746
16393
16629
16290
16131
16243
16327
16455
16383
16354
16249
16335
16434
16959
16337
16474
16120
16083
16148
16396
16549
16252
16225
16451
16229
16399
16335
16236
16339
16421
16387
16279
16211
16340
16434
16493
16314
16289
16536
16341
16328
16134
16713
16261
16032
16327
16361
16444
16261
16280
16400
16218
16504
16422
15784
16141
16504
16563
16314
16389
15946
16733
16269
16510
16495
16482
16106
16215
16401
16310
16339
16361
16196
15946
16035
16627
16111
16565
16220
16476
16394
16515
16507
16313
16191
16490
16472
16555
16364
16262
16320
16402
16639
16301
16344
16340
15990
16188
16183
16634
16299
16277
16324
16590
16462
16391
16429
16698
16478
16411
16243
16194
16313
16258
16239
16538
15980
16399
16226
16735
16299
16511
16193
16256
16831
16149
16382
16491
16592
16384
16368
16576
16293
16506
16097
16312
16104
16630
16261
16194
16440
16532
16293
16168
16641
16504
16450
16926
16462
16604
16261
16463
16298
16451
16580
16668
16365
16331
16257
16556
16008
16310
16554
16487
16430
16283
16221
16562
16290
16517
16187
16478
16421
16534
16149
16737
16364
16698
16370
16274
16604
16540
16302
16740
15997
16426
16352
16330
16323
16133
16235
16281
16491
16129
16275
16440
16386
16040
16052
16056
16714
16440
16517
16438
16494
16219
16444
16592
16240
16409
16700
16511
16289
15946
16207
16383
16326
16770
16382
16444
16550
16570
16656
16399
16362
16192
16452
16460
16423
16444
16287
16315
16670
16208
16662
16370
16494
16512
16619
16321
16866
16729
16422
16344
16238
16364
16323
16445
16209
16269
16680
16410
16336
16542
16334
15994
16451
16336
16739
16436
16379
16204
16352
16388
16045
16249
16672
16259
16366
16744
15869
16304
16574
16388
16194
16373
16430
16226
16497
16434
16815
16578
16976
16496
16431
16489
16182
16643
16276
16457
16362
16329
15957
16326
16262
16320
16604
16347
16244
16663
16100
16211
16499
16432
16641
16478
16279
16648
16737
16295
16561
16448
16354
16438
16486
16195
16305
16645
16383
16095
16335
16236
16498
16229
16041
16294
16147
16518
16533
16022
16141
16441
16555
16383
16185
16272
16511
16245
16210
16608
16248
16532
16232
16351
16321
16040
16166
16578
16567
16154
16420
16577
16418
16350
16401
16659
16647
15971
16420
16091
16399
16337
16291
16264
16212
16305
16357
16287
16447
16540
16257
16225
16085
16420
16494
16481
16595
16618
16617
16556
16348
16611
16344
16306
16585
16340
16341
16542
16465
16223
16365
16333
16501
16273
16374
16603
16565
16286
16376
16588
16454
16469
16389
16504
16510
16398
16253
16839
16179
16212
16435
16377
16456
16369
16400
16275
16044
16501
16383
16614
16206
16712
16402
16254
16608
16083
16163
16121
16336
16444
16188
16280
16233
16390
16368
16221
16382
16314
16380
16442
16188
16742
16262
16631
15976
16564
16623
16414
16199
16613
16409
16460
16520
16147
16585
16594
16741
16407
16115
16149
16718
16216
16255
16532
16292
16408
16324
16514
16170
16552
16163
16349
16497
16465
16498
16260
16358
16292
16701
16544
16136
16223
16350
16302
16592
16155
16822
16521
16439
16281
16227
16311
16442
15874
16496
16256
16166
16305
16494
16374
16209
16414
16667
16289
16732
16166
16275
16235
16440
16225
16400
16654
16418
16569
16323
16485
16329
16544
16078
16340
16227
16390
16268
16310
16268
16318
15994
16420
16403
16638
16272
16351
16484
16595
16477
16614
16368
16177
16370
16269
16535
16345
16213
16396
16063
16204
16310
16647
16780
16552
16477
16417
16221
16556
16548
16646
16284
16297
16279
16116
16380
16041
16275
16400
16254
16350
16335
16005
16613
16329
16502
16349
16128
16638
16327
16279
16262
16298
16376
16419
16267
16094
16317
16256
16348
16626
16669
16440
16527
16439
16517
16546
16665
16051
16078
16690
16404
16557
16435
16320
16308
16503
16416
16547
16254
16388
16494
16056
16301
16365
16184
16225
16364
16358
16480
15940
16269
16078
16220
15932
16358
16270
16240
16382
16374
16222
16715
16632
16464
16338
16536
16612
16437
16250
16669
16701
16566
16480
16339
16457
16724
16306
16122
16467
16495
16273
16439
16595
16153
16180
16232
16250
16329
16400
16656
16305
16272
16289
16250
16281
16273
16405
16458
16210
16209
16250
16455
16244
16554
16225
16487
16285
16607
16430
16617
16411
16058
16583
16404
16293
16010
16242
16243
16470
16445
16182
16243
16409
16555
16381
16098
16468
16516
16174
16379
16165
16402
16541
16560
16409
16104
16504
16054
16230
16611
16415
16702
16179
16520
16292
16629
16405
16348
16485
16431
16420
16665
16210
16330
16524
16159
16345
16482
16466
16445
16439
16682
16424
16427
16184
16297
16374
16565
16479
16472
16096
16361
16219
16924
16376
16370
16467
16263
16593
16431
16272
16294
16533
16669
16553
16063
16178
16214
16391
16657
16308
16232
16492
16223
16566
16132
16420
16544
16391
16477
16634
16411
16452
16320
16285
16511
16706
16167
16318
16331
16029
16203
16395
16347
16474
16227
16635
16578
16266
16261
16402
16245
16184
16311
16342
16238
16652
16474
16373
16348
16337
16492
16242
16505
15998
16393
16468
16378
16295
16597
16638
16221
16171
16699
16392
16420
16450
16336
16454
16366
16174
16396
16428
16582
16275
16215
16369
16103
15951
16571
16482
16350
16867
16484
16451
16772
16107
16549
16448
16395
16401
16441
16391
15776
16192
16591
16379
16256
16460
16363
16429
16324
16482
16263
16544
15982
16434
16153
16407
16429
16234
16333
16582
16329
16624
16111
16501
16244
16516
16411
16501
16560
16300
16259
16399
16418
16412
16366
16480
16455
16452
16378
16566
16002
15851
16751
16216
16485
16420
16285
16490
16342
16386
16041
16488
16735
16268
16185
15973
16578
16614
16790
16091
16459
16346
16320
16687
16556
16306
16035
16456
16595
16316
16302
16306
16266
16564
16318
16225
16342
16046
16295
16397
16304
15963
16129
16426
16305
16727
16428
16626
16216
16321
16532
16309
16460
16437
16651
16524
16214
16471
16418
16635
16427
16633
16267
16362
16292
16479
16548
16400
16400
16302
16384
16318
16718
16772
16312
16516
16685
16412
16253
16453
16685
16647
16467
16509
16141
16501
16636
16134
16418
16641
16322
16179
16433
16266
16198
16760
16320
16536
16366
16413
16244
16338
16712
15854
16260
16018
16311
16194
16534
16351
16420
16281
16376
16591
16212
16429
16228
16563
16618
16110
16439
16452
16629
16132
16380
16275
16534
16736
16189
16233
16504
16377
16266
16392
16308
16242
16663
16035
16454
15934
16126
16427
16440
16412
16605
16554
16274
16561
16417
16296
16442
16276
16417
16451
16417
16704
16293
16460
16625
16247
16207
16476
16356
16577
16362
16389
16586
16307
16481
16401
16078
16308
15885
16405
16287
16376
15995
16514
16224
16735
16353
16613
16534
16599
15978
16241
16535
16379
16502
16276
16474
16574
16196
16490
16305
16596
16453
16448
16331
16314
16429
16529
16558
16347
16599
16446
16509
16367
16295
16387
16581
16403
16285
16294
16346
16447
16557
16539
16393
16402
16307
16519
16704
16356
16216
16250
16219
16841
16223
16617
16414
16362
16400
16474
16222
16243
16393
16021
16622
16154
16402
16231
16385
16243
16513
16389
16329
16190
16283
16749
16284
16602
16410
16460
16153
16733
16168
16216
16371
16009
16142
16365
16295
16605
16270
16331
16587
16275
16432
16610
16333
16655
16815
16447
16422
16686
16473
16499
16380
16672
16186
16405
16273
16348
16538
16348
16508
16485
16418
16571
16812
16013
16602
16079
16579
16298
16517
16569
16473
16373
16302
15963
16237
16597
16496
16588
16389
16324
16535
16517
16259
16607
16172
16292
16174
16449
16073
16517
16267
16556
16481
16664
16303
16340
16566
16404
16221
16609
16667
16330
16773
16158
16566
16353
16759
16492
16134
16266
16590
16572
16242
16556
16271
16365
16474
16438
16131
16570
16646
16482
16472
16610
16425
16579
16193
16289
16524
16537
16343
16476
16253
16609
16186
16450
16521
16548
16158
16093
16083
16168
16319
16507
16401
16313
16271
16448
16394
16513
16684
16362
16392
16514
16535
16408
16088
16266
16475
16446
16197
16352
16282
16516
16260
16308
16535
16406
16419
16573
16278
16773
16655
16620
16734
16181
16414
16507
16394
16709
16420
16358
15979
16347
16299
16270
16745
16450
16260
16218
16381
16527
16300
16149
16443
15939
16336
16949
16439
16143
16268
16292
16381
16508
16262
16243
16468
15921
16581
16363
16512
16461
16239
16345
16507
16562
16421
16160
16666
15973
16427
16396
16345
16266
16466
16514
16193
16395
16212
15810
16597
16564
16177
16392
16423
16417
16380
16177
16395
16538
16603
16434
16768
16260
16675
16238
16226
16434
16690
16333
16268
16363
16400
16242
16554
16721
16325
16376
16511
16737
16469
16239
16111
16147
16319
16676
16575
16925
16058
16112
16266
16499
16843
16007
16370
16639
16200
16301
16712
16475
16416
16443
16287
16562
16446
16485
16381
16484
16358
16259
16236
16335
16875
16370
16085
15905
16527
16407
16477
16776
16364
16246
16388
16913
16472
16309
16509
16205
16260
16338
16181
16403
16462
16559
15965
16569
16272
16612
16342
16249
16230
16227
16388
16749
16538
16380
16169
16428
16198
16325
16503
16185
16263
16289
15888
16173
16617
16534
16337
16542
16288
16399
16319
16254
16386
16158
16582
16182
16662
16286
16406
16193
16316
16170
16407
16446
16169
16532
16480
16290
16207
16413
16690
16677
16215
16617
16397
16212
16102
16326
16346
16401
16762
16348
16463
16134
16653
16478
16306
15995
16004
16872
16162
16001
16373
16500
16461
16459
16371
16323
16420
16540
16027
16605
16442
16488
16146
16488
16241
16113
16391
16595
16338
16249
16535
16381
16609
16506
16451
16359
16297
16597
16465
16240
16328
16374
16230
16355
16325
16499
16675
16352
16622
16071
16264
16201
16065
16464
16432
16309
16613
16278
16605
16410
16558
16204
16705
16512
16430
16394
16469
16348
16135
16167
16582
16733
16416
15963
16466
16418
16236
16220
16323
16565
16458
16240
16551
15992
16315
16010
16379
16288
15918
16572
16044
16465
16480
16305
16512
16648
15895
16392
16391
16643
16430
16603
16400
16411
16414
16653
16160
16177
16601
16648
16587
16509
16271
16179
16345
16031
16470
16685
16437
16445
16271
16413
16552
15881
16619
16495
16323
16421
16436
16336
16283
16327
16588
16633
16594
16167
16243
16288
16238
16328
16173
16245
16392
16421
16329
16690
16252
16569
16539
16227
16475
16727
16500
15899
16517
16380
16081
16304
16159
16299
16417
16489
16302
16571
16374
16209
16482
16248
16314
16623
16445
16422
16262
16444
16216
16346
16657
16302
16243
16504
16251
16315
16517
16236
16235
16152
16209
16626
16013
16639
16883
16262
16247
16367
16476
16308
16579
16227
16518
16423
16397
16546
16115
16319
16446
16244
16640
16584
16361
16610
16251
16595
16508
16323
16318
16370
16152
16325
16361
16624
16363
16394
16420
16622
16259
16279
16187
16451
16695
16530
16309
16168
16285
16144
16507
16300
16794
16479
16305
16494
16149
16227
16587
16685
16369
16309
16887
16495
16474
16451
16352
16367
16452
16630
16588
16363
16093
16537
16683
16499
16211
16176
16521
16509
16512
16709
16355
16121
16065
16306
16148
16202
16520
16455
16592
16370
16649
16546
16473
16574
16299
16577
16338
16584
16326
16305
16312
16355
16407
16497
16376
16359
16420
16333
16347
16687
16530
16435
16725
16467
16193
16291
16134
16237
16279
16580
16508
16311
16582
16513
16271
16518
16720
16142
16591
16333
16269
16331
16154
16265
16429
16625
16401
16465
16200
16578
16557
16624
16381
16607
16195
16553
16677
16394
16468
16109
16428
16397
16108
16305
16359
16217
16400
16609
16444
16493
16342
16080
16500
16580
16563
16346
16044
16326
16342
16306
16189
16153
16821
16354
16715
16135
16731
16006
16226
16734
16110
16459
16423
16646
16273
16564
16266
16482
16394
16589
16111
16273
16314
16391
16150
16245
16594
16331
16683
15938
16418
16242
16635
16155
16434
16454
16525
16219
16307
16438
16632
16223
16297
16279
16259
16167
16373
16164
16165
16410
16147
16290
16253
16384
16399
16430
16503
16546
16263
15894
16350
16417
16316
16266
16327
16287
16370
16380
16216
16439
16636
16481
16294
16482
15987
16597
16096
16483
16607
16465
16626
16673
16609
16157
16441
16451
16281
16540
16128
16359
16395
16543
16635
16561
16165
16287
16567
16230
16385
16339
16364
16415
16347
16605
16285
16399
16498
16374
16156
16633
16323
16281
16288
16451
16456
16095
16620
16318
16364
16378
16238
16827
16237
16238
16549
16409
16481
16097
16501
16243
16478
16515
16316
16094
16288
16284
16270
16198
16590
16210
16528
16290
16666
16568
16395
16328
16738
16317
16224
16490
16660
16618
16270
16669
16228
16224
16607
16290
16210
16307
16240
16149
16512
16443
16402
16592
16349
16297
16407
16518
16494
16586
16325
16402
16560
16420
16199
16199
16605
16321
16462
16769
16608
16228
16424
16388
16083
16313
16641
16331
16516
16542
16401
16453
16543
16249
16405
16651
16465
16305
16332
16089
16328
16537
16521
16551
16599
16332
16335
16217
15982
16495
16783
15994
16217
16044
16351
15760
16449
16457
15974
16695
16489
16522
16396
16235
16535
15860
16330
16319
16266
16619
16397
16253
16274
16417
16329
16360
16446
16091
16165
16654
16221
16314
16443
16613
16470
16714
15987
16219
16193
16406
16364
16499
16160
16413
16571
16516
16279
16161
16622
16727
16280
16589
16380
16328
16498
16296
16270
16182
16410
16362
16452
16358
16679
16023
16583
16412
16423
16610
16705
16712
16580
16459
16098
16460
16219
16480
16430
16549
16494
16492
16347
16503
16063
16585
16417
16518
16685
16367
16214
16292
16576
16390
16798
16848
16326
16338
16172
16277
16300
16398
16563
16437
16618
16288
16354
16335
16101
16497
16154
16584
16758
16705
16559
16637
16123
16497
16569
16254
16280
16399
16533
16150
16335
15954
16104
16694
16373
16091
16568
16451
16476
16465
16202
16191
16534
16535
16726
16123
16484
16602
16248
16541
16553
16721
16650
16307
16193
16225
16435
16324
16533
16236
16475
16303
16623
16236
16754
16445
16456
16305
16522
16417
16817
16288
16365
16391
16402
16496
16477
16350
16479
16376
17011
16176
16328
16646
16518
16626
16499
16631
16344
16462
16163
16196
16348
16506
16350
16395
16579
16554
16221
16368
16340
16683
16532
16626
16437
16727
16473
16141
16463
16398
16752
16545
16230
16254
16212
16363
16662
16450
16649
16268
16230
16295
16400
16533
16334
16300
16713
16255
16558
16550
16183
16518
16025
16393
16227
16286
16385
16293
16649
16241
16284
16703
16448
16362
16130
16544
16131
16202
16452
16289
16591
16435
17012
16725
16522
16231
16185
16644
16255
16425
16151
16215
16710
16144
16417
16248
16333
16683
16187
16302
16253
16328
16633
16540
16473
16007
16588
16459
16407
16491
16121
16697
16267
16411
16214
16561
16507
16609
16729
16167
16311
16197
16456
16124
16305
16484
16506
16225
16620
16841
16614
16673
16323
16301
16227
16541
16641
16405
16340
16405
16253
16750
16277
16478
16303
16415
16326
16576
16404
16424
16505
16347
16769
16028
16348
16296
16447
16308
16551
16069
16212
16033
16592
16801
16214
16252
16336
16709
16096
16335
16307
16394
16290
16342
16349
16183
16496
16336
16187
16408
16394
16372
16274
16708
16390
16698
16420
16202
16548
16675
16266
16432
16626
16183
16067
16646
16659
16591
15961
16420
16243
16253
16703
16554
16209
16755
16001
16247
16889
16142
16312
16149
16404
16477
16544
16299
16393
16274
16532
16395
16198
16472
16673
16422
16402
16334
16379
16351
16374
16201
16399
16073
16590
16403
16292
16272
16466
16082
16575
16680
16282
16395
16143
16433
16280
16228
16435
16706
16373
16196
16464
16576
16451
16694
16182
16257
16204
16529
16248
16450
16527
16400
16132
16295
16833
16201
16223
16252
16449
16333
16259
16418
16595
16260
16515
16722
16487
16790
16282
16412
16198
16456
16420
16289
16420
16551
16281
16346
16274
16470
16358
16316
16002
16245
16555
16501
16334
16541
16071
16221
16470
16415
16296
16518
16536
16365
16567
16489
15952
16792
16573
16314
16223
16496
16457
16683
16355
16251
16299
16483
16391
16932
16939
16448
16388
16411
16436
16422
16181
16419
16380
16469
16321
16178
16197
16328
16009
16536
15936
16207
16249
16478
16481
16141
16393
16298
16303
16399
16503
16653
16363
16199
16317
16287
15992
16292
16663
16274
16315
16215
16329
16176
16697
16162
16300
16482
16378
16457
16534
16467
16379
16588
16444
16460
16048
16743
16105
16368
16490
16131
16210
16193
16440
16626
16372
16543
16333
16142
16037
16127
16340
16202
16363
16490
16532
16753
16382
16702
16156
16541
16518
16270
16385
16299
16302
16191
16387
16519
16306
16672
16389
16462
16652
16395
16292
16420
16855
16437
16386
16354
16442
16473
16355
16204
16286
16538
16092
16165
16648
16297
16637
16157
16242
16353
16580
16390
16296
16479
16419
16225
16394
16333
16602
16174
16583
16465
16492
16505
16564
16316
16401
16625
16249
16429
16342
16644
16305
16309
16299
16589
16414
16405
16679
16357
16035
16305
16314
16148
16309
16248
16413
16211
16457
16212
16261
16316
16589
16636
16122
16236
16465
16294
15901
16235
16411
16649
16132
16447
16280
16494
16274
16350
15731
16122
16389
16322
16653
16581
16556
16625
16411
16332
16347
16142
16292
16514
16244
16517
16612
16149
16375
16642
16127
16469
16568
16663
16228
16402
16516
16351
16564
16185
16586
16524
16206
16276
16087
16312
16308
16383
16719
16541
16550
16333
16246
16611
16248
16464
16183
16106
16385
16638
16225
16104
16452
16233
16522
16392
16108
16557
16151
16299
16168
16385
16192
16680
16378
16651
16430
16297
16478
16234
16147
16499
16316
16425
16398
16196
16508
16467
16342
16501
16564
16293
16338
16364
16326
16556
16170
16313
16312
16608
16682
16276
16215
16403
16271
16230
16545
16513
16540
16657
16389
16142
16784
16350
16758
16554
16317
16303
16573
16503
16508
16052
16257
16224
16380
16158
16009
16647
16600
16506
16731
16410
16434
16498
16637
16415
16359
16377
16373
16155
16303
16306
16365
16062
16237
16250
16416
16491
16397
16261
16471
16521
16519
16076
16323
16363
16607
16485
16565
16027
16490
16182
15995
16050
16323
16130
16436
16611
16431
16439
16426
16105
16489
16305
16255
16086
16383
16427
16489
16336
16202
16373
16281
16319
16539
16285
16647
16350
16395
16319
16573
16551
16539
16565
16660
16508
16635
16529
16374
16542
16632
16563
16720
16313
16323
16401
16538
16393
16702
16614
16435
16769
16262
16388
16511
16706
16129
16440
16301
16361
16344
16320
16370
16336
16455
16532
16500
16465
16561
16745
16088
16599
16328
16208
16363
16245
16435
16187
16658
16435
16133
16251
16421
16272
16303
16398
16224
16307
16490
16619
16375
16575
16155
16665
16132
16140
16106
15967
16331
16362
16269
16239
16591
16060
16388
16322
16508
16480
16273
16917
16275
16577
16520
16450
16524
16470
16270
16384
16448
16233
16344
16492
16423
16160
16089
16453
16316
16448
16388
16287
16529
16311
16587
16353
16039
16404
16628
16387
16235
16029
16652
16369
16403
16312
16433
16431
16217
16544
16627
16542
16386
16657
16214
16375
16517
16365
16394
16562
16750
16323
16398
16446
16419
16769
16346
16146
16578
16582
16234
16602
16358
16643
16517
16578
16655
16284
16340
16713
16451
16565
16175
16283
16509
16154
16337
16636
16271
16497
16387
16310
16349
16740
16457
16761
16375
16397
16547
16517
16450
16411
16674
16015
16326
16762
16440
16549
16550
16305
16372
16032
16177
16514
16674
16360
16230
16518
16179
16251
16344
16534
16598
16343
16614
16582
16306
16393
16968
16186
16076
16366
16420
16340
16335
16223
16271
16695
16129
16318
16249
16579
16268
16321
16129
16332
16411
16579
16288
16310
16317
16423
16527
16436
16522
16409
15984
16412
16663
16524
16166
16533
16280
16247
16609
16241
16555
16050
16272
16177
16488
16350
16581
16393
16272
16399
16247
16348
16428
16662
16630
16180
16408
16056
16421
16396
16350
16470
16310
16544
16511
16380
16241
16514
16357
16315
16066
16371
16386
16679
16699
16382
16407
16534
16329
16322
16257
16395
16321
16212
15998
16330
16321
16619
16611
16433
16412
16285
16297
16394
16384
16213
16542
16693
16033
16278
16062
16187
16266
16521
16364
16439
16706
16254
16268
15929
16568
16542
16517
16120
16534
16282
16494
16541
16299
16066
16428
16365
16262
16569
16659
16598
16268
15966
16135
16295
16418
16145
16470
16074
16119
16551
16606
16451
16326
16303
16486
16365
16753
16489
16416
16264
16382
16326
16318
16349
16253
16322
16348
16692
16138
16180
15863
16456
16683
16215
16427
16413
16527
16579
16065
16700
16219
16031
16756
16454
16626
16565
16433
16558
16560
16199
16542
16552
16704
16543
16540
16391
16020
16756
16628
16328
16262
16206
16112
16678
16010
16058
16591
16275
16549
16393
16737
16530
16066
16580
16229
16178
16293
16273
16247
16636
16479
16635
16089
16190
16135
16316
16376
16353
16353
16343
16090
16350
16203
16228
16555
16607
16359
16297
16104
16554
16407
16476
16350
16571
16564
16354
16495
16497
16521
16330
16353
16172
16652
16363
16495
16601
16255
16249
16438
16715
16205
16076
16578
16350
16158
16236
16417
16229
16382
16519
16303
16251
17021
16259
16280
16519
16425
16621
16124
16635
16127
16259
16178
16561
16611
16371
16627
16660
16280
16273
16692
16453
16271
16539
16285
16539
16726
16378
16287
16585
16341
16339
16496
16035
16394
16139
16381
16366
16376
16269
16580
16213
16420
16394
16387
16173
16295
16303
16366
16353
16097
16559
16254
16408
16315
16433
16262
16192
16046
16667
16214
16445
16304
16592
16644
16312
16455
16328
16376
16278
16387
16641
16300
16407
16084
16473
16378
16316
16174
16372
16539
16546
16304
16342
16431
16434
16494
16539
16478
16330
16341
16470
16183
16596
16692
16368
16147
16195
16248
16412
16452
16461
16482
16619
16177
16236
16584
16521
16379
16213
16375
16383
16501
16675
16238
15980
16519
16462
16099
16424
16150
16297
16434
16696
16278
16352
16205
16452
16721
16263
16162
16697
16626
16512
16608
16683
16249
16274
16333
16556
16099
16475
16117
16518
16191
16113
16354
16638
16421
16409
16838
16301
16464
16389
16054
16060
16405
16303
16347
16431
16354
16674
16178
16269
16096
16277
16350
16589
16430
16115
16165
16365
16389
16665
16227
16531
16424
16352
16615
16210
16176
16465
16317
16342
16359
16593
16283
16380
16662
16483
16540
16226
16405
16552
16464
16378
16835
16474
16550
16194
16214
16218
16386
16479
16198
16206
16715
15924
16406
16628
16508
16628
16080
16614
16206
16191
16643
16844
16365
16145
16688
16367
16390
16294
16067
16435
16332
16719
16205
16460
16629
16086
16237
16348
16515
16321
16405
16389
16227
16623
16294
16096
16532
16001
16186
16598
16453
16202
16399
16369
16169
16270
16399
16241
16744
16540
16392
16188
16306
16458
16295
16426
16263
16339
16366
16750
16414
16477
16434
16417
16351
16312
16314
16680
16356
16446
16473
16538
16499
16282
16379
16709
16337
16241
16771
16504
16068
16513
16602
16497
16208
16613
16328
16347
16408
16217
16299
16267
16542
16363
16343
16612
16642
16357
16458
16081
16471
16599
16243
16309
16453
16279
16407
16475
16150
16301
16486
16394
16117
16158
16459
15943
16931
16458
16317
16316
16396
16043
16565
16384
16678
16276
16608
16455
16647
16489
16327
16510
16529
16223
16201
16340
16611
16476
16274
16456
16282
16191
16236
16393
16535
16439
16394
16464
16121
16081
16467
16343
16294
16341
15947
16384
16607
16480
16357
16335
16400
16175
15966
16381
16400
16478
16371
16523
16225
16344
16354
16138
16619
16340
16715
16208
16303
16618
16548
16379
16278
16750
16676
16183
16388
16177
16412
16451
16353
16259
16263
16491
16458
16742
16151
16293
16471
16004
16225
16525
16049
16268
16165
16437
16184
16239
16559
16294
16272
16556
16254
16501
16352
16614
16303
16412
15979
16370
16411
16559
16305
16403
16266
15976
16384
16584
16291
16160
16313
16640
16306
16066
16247
15982
16626
16023
16322
16389
16541
16059
15997
16725
16044
16264
16887
16525
16371
16097
16550
16219
16761
16605
16465
16536
16300
15997
16215
16139
16325
16769
16287
16244
16212
16377
16351
16406
16441
16143
16457
16360
16464
16341
16434
16400
16609
16485
16871
16497
16483
16589
16632
16616
16585
16277
16269
16134
16519
16665
16399
16557
16141
16242
16551
16351
16530
16293
16453
16105
16507
16567
16202
16295
16293
16317
16584
16320
16403
16441
16493
16236
16235
16700
16410
16646
16076
16490
16054
16544
16344
16472
16399
16352
16311
16436
16625
16490
16095
16545
16101
16475
16324
16271
16154
16527
16694
16628
16407
16368
16306
16645
16147
16243
16470
16333
16742
16209
16374
16412
15945
16533
16584
16309
16368
16237
16139
16253
16276
16778
16389
16261
16727
16407
16190
16327
16582
16316
16265
16090
16236
16457
16286
16541
16477
16274
16730
16259
16452
16492
16540
16299
15854
16023
16320
16838
16612
16483
16557
16356
16404
16468
16020
16320
16649
16503
16114
16039
16551
16283
16374
16360
16207
16091
16176
16470
16186
16152
16765
16183
16130
16340
16186
16560
16194
16391
16114
16456
16676
16232
16198
16226
16493
16211
16581
16578
16332
16499
16417
16189
16148
16419
16479
16318
16507
16453
16628
16158
16563
16684
16850
16452
16401
16286
16611
16251
16334
16235
16152
16297
16261
16258
16255
16258
16366
16392
16832
16656
16493
16348
16463
16330
16219
16398
16181
16075
16458
16238
16457
16438
16395
16097
16510
16330
16394
16238
16196
16468
16450
16303
16235
16116
16504
16327
16425
16512
16385
16202
16375
15875
16199
16490
16781
15972
16216
16310
16523
16313
16355
16608
16043
16188
16549
16897
16399
16258
16472
16237
16220
16397
16443
16551
16584
16658
16503
16613
16433
16336
16472
16224
16369
16413
16505
16379
16330
16328
16550
16185
16453
16493
16203
16305
16112
16302
16339
16009
16383
16423
16505
16493
16445
16374
16462
16447
16334
16010
16418
16128
16306
16460
16321
16464
16395
16473
16485
16086
16270
16437
16116
16592
16554
16476
16609
16414
16254
16582
16228
15924
16521
16226
16357
16163
16450
16386
16441
16278
16553
16160
16577
16051
16747
16471
16274
16367
16411
16208
16076
16563
16611
16242
16140
16295
16345
16481
16460
16136
16189
16580
16543
16341
16430
16542
16281
16407
16392
16520
16431
16382
16336
16614
16480
16518
16579
16531
16467
16354
16267
16562
16241
16186
16243
16491
16281
16625
16425
16355
15998
16343
16474
16477
16379
16415
16513
16774
16308
16229
16743
16418
16451
16455
16507
16216
16364
16412
16386
16686
16267
16351
16359
16529
16560
16463
16339
16151
16197
16774
16357
16246
16388
16631
16360
16150
16248
16639
16287
16149
16529
16502
16378
16434
16366
16590
16428
16329
16544
16454
16280
16181
16470
16602
16472
16275
16454
16443
16240
16468
16450
16221
16461
16610
16351
16372
16516
16303
16287
16142
16661
16394
16618
16147
16059
16138
16537
16615
16570
16432
16340
16388
16445
16352
16549
16506
16393
16362
16072
16229
16302
16236
16234
16597
16417
16471
16055
16655
16524
16261
16545
16358
16127
16337
16328
16614
16310
16225
16162
16384
16203
16644
16522
16280
16663
16453
16711
16403
16500
16378
16320
16068
16622
16107
16411
16302
16001
16437
16004
16590
16233
16455
16505
16386
16152
16448
16316
16243
16353
16531
16478
16434
16452
16526
16245
16719
16353
16149
16249
16289
16387
16374
16449
16584
16365
16382
16258
16596
16319
16305
16730
16464
15709
16420
16490
16301
16534
16397
16484
16310
16553
16176
16406
15984
16651
16597
16353
16474
16432
15969
16538
16660
16213
16161
16270
16016
16450
16490
16202
16429
16431
16425
16263
16354
16567
16455
16345
16424
16637
16426
15976
16455
16494
16373
16140
16607
16219
16322
16172
16367
16127
16476
16491
16325
16423
16555
16313
16449
16199
16024
16642
16383
16463
16346
16420
16426
16176
16256
16382
16376
16271
16364
16383
16803
16325
16433
16256
16415
16282
16549
16275
16042
16221
16310
16259
16371
16437
16542
16088
16322
16514
16295
16297
16282
16315
16287
16183
16362
16313
16559
16105
16658
16480
16244
16381
16255
16543
16361
16316
16580
16130
16359
16289
16227
16139
16275
16241
16581
16447
16586
16225
16492
16376
16455
16580
16435
16709
16479
16562
16286
16335
16102
16282
16552
16078
16249
16437
16429
16381
16411
16415
16329
16313
16311
16084
16437
16407
16375
16393
16266
16241
16242
16329
16241
16111
16118
16554
16330
16603
16393
16486
16612
16107
16200
16801
16381
16454
16353
16286
16173
16715
16233
16381
16232
16316
16344
16362
16504
16546
16362
16690
16302
16337
16349
16121
16158
16378
16472
16436
16463
16256
16416
16631
16480
16605
16442
16198
16301
16147
16524
16470
16509
16389
16364
16547
16060
16400
16744
16453
16393
16568
16173
15969
16104
16648
16394
16528
16543
16380
16584
16376
16232
16337
16398
16364
16328
16676
16248
16417
16564
16611
16056
16317
16565
16071
16270
16402
16583
16348
16605
16648
16581
16386
16354
16499
16329
16533
15865
16437
16405
16265
16217
16368
16223
16495
16308
16719
16068
16346
16425
16305
16161
16479
16285
16215
16455
16391
16502
16313
16479
16241
16362
16220
16434
16432
16625
16486
16566
16589
16284
16342
16459
16124
16169
16357
16298
16299
16453
16517
16417
16441
16135
16514
16206
16576
16343
16042
16360
16661
16557
16666
16228
16307
16501
16605
16594
16291
16511
16337
16599
16569
16203
16608
16410
16380
16329
16367
16407
16745
16263
16667
16323
16537
16509
16216
16292
16282
15993
16789
16391
16370
16101
16544
16309
16180
16367
16044
16464
16366
16701
16646
16510
16611
16641
16001
16560
16544
16450
16540
16477
16589
16373
16799
16348
16276
16502
16406
16393
16148
16487
16642
16131
16638
16468
16491
16145
16203
16243
16105
16290
16274
16206
16463
16456
16201
16267
16635
16584
16428
16265
16234
16337
16510
16340
16199
16385
16505
16253
16465
16304
16186
16407
16423
15992
16131
16235
16453
16424
16417
16544
16446
16558
16265
16201
16452
16324
16646
16248
16540
16071
16439
16131
16783
16196
16281
16412
16473
16408
16181
16356
16483
16733
16154
16214
16209
16329
16358
16332
16550
16425
16031
16240
16577
16230
16521
16410
16153
16533
16469
16194
16185
16687
16223
16380
16191
16265
16509
16526
16267
15832
16487
16239
16253
16437
15962
16228
16361
16559
16268
16214
16457
16399
16275
16589
16131
16322
16170
16223
16184
16526
16085
16266
16274
16745
16385
16611
16425
16541
16114
16615
16587
16062
16561
16518
16260
16418
16541
16261
16268
16646
16550
16076
16035
16097
16625
16632
16100
16304
16223
16251
16221
16320
16103
16521
16496
16424
16464
16410
16324
16128
16371
16181
16589
16376
16509
16360
16338
16181
16294
16394
16242
15959
16662
16617
16826
16325
16381
16545
16379
16119
16530
16641
16391
16101
16271
16567
16226
16220
16511
16548
15925
16304
16426
16388
16425
16600
16549
16531
15794
16626
16372
16267
16448
16712
16418
16603
16312
16341
16339
16227
16077
16251
16283
16430
16280
16066
16330
16412
16538
16685
16796
16325
16448
16571
16237
16392
16636
16287
16488
16704
16402
16582
16261
16331
16710
16242
16224
16453
16509
16323
16134
16085
16405
16495
16548
16496
16391
16852
16481
16451
16760
16249
16490
16475
16161
16209
16306
16100
16335
16234
16482
16425
16343
16318
16527
16427
16139
16330
16295
16411
16180
16467
16027
16289
16507
16295
16186
16108
16232
16491
16313
16468
16409
16721
16426
16550
16295
16054
16584
16357
16715
16509
16321
16314
16378
16408
16303
16200
16650
16359
16192
16286
16553
16269
16656
16270
16079
16576
16454
16248
16731
16623
16520
16394
16469
16559
16341
16522
16588
16835
16581
16542
16504
16193
16435
16607
16424
16587
16205
16207
16249
16408
16084
16363
16440
16527
16288
16249
16228
16309
16373
16384
16116
16326
16272
16284
16601
16547
16514
16630
15959
16236
16047
16584
16208
16738
16083
16371
16353
16489
16232
16457
16100
16308
16509
16244
16513
16382
16308
16563
16580
16189
16275
16261
16305
16348
16726
16200
16319
16721
16385
16417
16163
16212
16272
16442
16248
16457
16026
16073
16224
16304
16478
16484
16194
16394
16357
16579
16520
16550
16716
16421
15940
16720
16512
16264
16450
16085
16633
16258
16559
16631
16365
16542
16502
15945
16034
15971
16494
16763
16168
16401
16372
16186
16342
16609
16235
16267
16030
16302
16250
16228
16208
16179
16492
16230
16722
16179
16479
16464
16024
16376
16309
16684
16512
16363
16247
16482
16467
16316
16170
16297
16240
16556
16266
16505
16180
16447
16378
16039
17008
16256
16188
16090
16682
16512
16420
16111
15997
16554
16349
16459
16299
16487
16270
16333
16492
16521
16781
16277
16324
16727
16021
16323
16242
16383
16475
16280
16304
16152
16556
16225
16480
16349
16470
16283
16257
16674
16129
16647
16559
16325
16512
16279
16330
16487
16676
16322
16264
16797
16449
16679
16500
16547
16458
16417
15982
16415
15908
16276
16277
16327
16346
16437
16595
16110
16165
16643
16410
16276
15995
16349
16858
16362
16286
16388
16128
16300
16627
16480
16435
16281
16428
16202
16483
16449
16246
16527
16436
16799
16323
16654
15873
16470
16593
16294
16488
16494
16282
16336
16330
16436
16290
16368
16475
16518
16331
16252
16433
16323
16387
16185
16585
16501
16509
16480
16321
16469
16261
16479
16313
16357
16532
16358
16098
16420
16677
16601
16469
16537
16282
16406
16289
16253
16429
16266
16340
16191
16237
16428
16494
16521
16369
16557
16379
16199
16454
16460
16545
16550
16277
16237
16284
16215
16693
16809
16181
16058
16519
16229
16157
16683
16299
16639
16050
16287
16061
16389
16505
16292
16162
16539
16320
16527
16690
16124
16399
16629
16439
16579
16533
16473
16508
16395
15975
16581
16264
16114
16217
16661
16394
16421
16314
16357
16390
16508
16426
16485
16384
16331
16352
16166
16320
16288
16471
16249
16642
16505
16408
16176
16450
16215
16287
16359
16564
16584
16450
16413
16671
16249
16196
16149
16605
16764
16457
16393
16143
16499
16744
16302
15975
15888
16365
16376
16319
15884
16455
16280
16170
16317
16270
16616
16208
16397
16527
16307
16451
16498
16002
16012
16546
16274
16302
16426
16213
16175
16224
16476
16282
16864
16690
16585
16252
16135
16675
16063
16475
15922
16238
16173
16153
16369
16289
16437
16347
16461
16421
16238
16115
16475
16553
16620
16190
16402
16381
16327
16356
16330
16675
16210
16128
15941
16527
16478
16633
16531
16178
16265
16144
16130
16042
16224
16273
16323
16536
16772
16342
16187
16372
16187
16343
16169
16705
16677
16066
16298
16121
16060
16738
16491
16438
16748
16522
16241
16300
16388
16570
16224
16073
16611
16337
16505
16850
16482
16137
16432
16276
16342
16223
16140
16331
16397
16317
16345
16406
16374
16459
15997
16342
16244
16260
16481
16111
15995
16081
15997
16117
16177
16404
16502
16243
16508
16381
16428
16149
16330
16469
16267
16415
16296
16447
16497
16424
16486
16413
16266
16316
16429
16290
16256
16382
16322
16401
16403
16405
16574
16425
16411
16221
16493
16053
16321
16810
16437
16434
16470
16186
16520
16489
16104
16336
16513
16403
16657
16455
16444
16182
16272
16678
16395
16634
16536
16395
16314
16140
16655
16279
16091
16672
16481
16413
16273
16202
16054
16188
16646
16144
16491
16521
16560
16026
16294
16248
16457
16263
16359
16033
16277
16122
16269
16393
16315
16674
16488
16408
16565
16382
16078
16498
16421
16349
16459
16488
16337
16368
16272
16078
16501
16525
16482
16376
16814
16392
16573
16244
16275
16279
16459
16435
16344
16163
16382
16420
16372
16333
16463
16192
16562
16649
16349
16323
16662
16335
16121
16547
16431
16406
16754
16675
16565
16467
16427
16189
16128
16686
16367
16648
16578
16404
16345
16159
16362
16292
16166
16314
16465
16450
16031
16291
16749
16452
15903
16472
16312
16382
16231
16251
16336
16227
16587
16327
16503
16353
16309
16330
16282
16641
16285
16628
16686
16551
16355
16661
16376
16001
16579
16254
16304
16263
16405
16319
16270
16368
16349
16383
16407
16435
16143
16281
16241
16489
16194
16716
16243
16246
16604
16408
16433
16341
16483
16594
16582
16636
16218
16563
16274
16379
16529
16208
16337
16531
16512
16295
16449
16173
16411
16274
16402
16395
16449
16614
16542
16599
16624
16609
16480
16401
16164
16651
16868
16031
16549
16208
16237
16394
16062
16498
16394
16520
16213
16382
16523
16334
16611
16491
16211
16328
16298
16337
16350
16489
16262
16387
16542
16350
16645
16417
16425
16330
16765
16373
16696
16195
16341
16494
16565
16381
16453
16087
16549
16506
16350
16481
16184
16315
16189
16417
16005
16063
16725
16518
16390
16393
16543
15862
16485
16222
16311
16462
16604
16382
16601
16519
16452
16458
16725
16219
16076
16509
16045
16723
16606
16353
16317
16449
16485
16162
16465
16203
16607
16130
16496
16216
16819
16438
16291
16435
16697
16664
16326
16514
16330
16223
16348
16273
16141
16132
16342
16411
16351
16380
16115
16349
16259
16274
16526
16697
16542
16554
16161
16377
16155
16485
16139
16366
16638
16331
16579
16386
16390
16051
16574
16357
16537
16241
16635
16502
16473
16573
16716
16377
16466
16624
16509
16246
16374
16391
16457
16426
16393
16453
16297
16678
16725
16282
16506
16000
16320
16309
16370
16413
16165
16305
16513
16292
16638
16132
16495
16420
16366
16689
16533
16428
16675
16663
16136
16467
16655
16454
16240
16558
16235
16491
16421
16268
16604
16414
16182
16628
16150
16120
16234
16717
16319
16404
16229
16129
16542
16560
16272
16313
16538
16440
16294
16530
16146
16149
16533
16375
16513
16405
16181
16078
16687
16225
16160
16563
16244
16735
16418
16147
16316
16384
16185
16413
16386
16419
15874
16233
16602
16456
16233
16600
16260
16466
16614
16301
16299
16470
16348
16444
16588
16264
16427
16631
16667
16339
16596
16643
16491
16361
16055
16222
16321
16585
16446
16547
16193
16612
16526
16351
16174
16401
16020
16499
16182
16478
16466
15998
16308
16009
16378
16363
16495
16238
16450
16276
16591
16366
16358
16106
16879
16296
16431
16569
16546
16024
16452
16444
16494
16605
16454
16609
16253
16426
16439
16133
16725
16334
16178
16527
16518
16238
16591
16269
16653
16243
16348
16541
16448
16716
16474
16567
16343
16515
16658
16409
16414
16237
16270
16451
16427
16525
16342
16643
16398
16445
16352
16274
16535
16615
16555
16589
16546
16659
16376
16577
16532
16513
16470
16276
16389
16270
16472
16368
16545
16304
16333
16572
16435
16031
16197
16753
16660
15927
16556
16339
16511
16360
16569
16505
16383
16549
16153
16322
16386
16559
16341
16387
16052
16126
16198
16187
16704
16424
16496
16132
16419
16117
16655
16708
16542
16741
16327
16478
16210
16148
16533
16683
16336
16130
16121
16115
16723
16336
16650
16491
16503
16229
16699
16425
16066
16418
16533
16261
16157
16131
16248
16523
16549
16144
16342
16399
16596
16391
16714
16298
16325
16153
16444
16379
16299
16482
16068
16471
16175
16543
16351
16397
16485
16594
16435
15987
16301
16683
16626
16171
16415
16197
16334
16119
16242
16209
16477
16353
16335
16167
16325
16797
16008
16569
16516
16067
16488
16007
16317
16500
16300
16606
16575
16543
16361
16215
16313
16629
16189
16248
16272
16536
16342
16613
16571
16561
16697
16470
16519
16578
16179
16300
16335
16774
16453
16644
16770
16318
16488
15891
16485
16239
16253
16303
16265
16716
16457
16153
16668
16480
16276
16482
16465
16549
16284
16350
16541
16301
16482
16362
16283
16189
15950
16499
16510
16520
16555
16282
16547
16285
16375
16577
16239
16429
16123
16467
16465
16377
16263
16681
16453
16455
16643
16532
16567
16578
16361
16263
16391
16582
16419
16177
16215
16035
16207
16171
16217
16061
16448
16443
16506
16048
16252
16615
16650
16271
16396
16334
16667
16242
16687
16474
16390
16468
16250
16423
16542
16528
16349
16318
16237
16314
16441
16267
16133
16745
16452
16465
15966
16458
16442
16076
16570
16268
16198
16188
16475
16408
16388
16239
16246
16615
16264
16033
16440
16448
16473
15758
16526
16270
16488
16493
16386
16140
16710
16287
16136
16357
16214
16322
16259
16464
16603
16358
16079
16456
16396
16117
16132
16322
16371
16240
16446
16353
16225
16239
16211
16229
16239
16256
16480
16303
16468
16353
16755
16116
16732
16277
16299
16091
16437
16453
16207
16498
16163
16070
16158
16068
16526
16802
16304
16324
16413
16784
16349
16225
16578
16436
16320
16369
16440
16091
16448
16478
16473
16645
16280
16243
16274
16466
16218
16448
16454
16391
16174
16684
16441
16291
16540
16470
16465
16445
16442
16116
16432
16561
16540
16161
16502
16407
16297
16375
16211
16171
16703
16646
16136
16531
16465
16222
16422
16632
16311
16333
16448
16277
16528
16339
16516
16512
16118
16382
16496
16002
16291
16191
16546
16741
16328
16112
16415
16508
16388
16277
16334
16435
16313
16385
16537
16019
16346
16355
16488
16535
16359
16418
16462
16310
16482
16254
16315
16523
16497
16459
16434
16446
16239
16586
16714
16619
16451
16659
16525
16333
16144
16515
16250
16505
16500
16465
16469
16451
16450
16149
16411
16239
16075
16395
16360
16816
16667
16547
16399
16270
16260
16289
16445
16355
16645
16265
16432
16465
16284
16656
16401
16357
16261
16360
16194
16083
16497
16166
16868
16281
16316
16114
16180
16471
16491
16054
16401
16393
16471
16504
16630
16378
16312
16121
16653
16155
16687
16355
16344
16351
16111
16692
16434
16214
16558
16045
16274
16510
16249
16329
16252
16196
16519
16143
16631
16332
16520
16210
16164
16353
16400
16112
16424
16065
16626
16419
16375
15968
16292
16130
16335
16244
16578
16628
16589
16320
16233
16372
16162
16384
16208
16627
16250
16354
16444
16296
16439
16144
16603
16496
16322
16368
16066
16302
16218
16765
16640
16335
16191
16137
16236
16561
16224
16612
16205
16641
16202
16129
16156
16590
16508
16353
16371
16363
16269
16481
16392
16265
16190
16803
16350
16562
16613
16350
16411
16477
16575
16478
16635
16557
16338
16555
16080
16189
16159
16378
16272
16612
16368
16165
16647
16222
16465
16358
16451
16532
16537
16579
16310
16469
16403
16236
16360
16530
16216
16427
16114
16300
16568
16196
16485
16351
16117
16492
16104
16697
16166
16339
16267
16442
16673
16406
16608
16317
16462
16316
16245
16354
16341
16371
15911
16569
16494
16045
16362
16320
16567
16609
16261
16662
16458
15974
16364
16358
16205
16628
16523
16289
16662
16149
16366
16446
16132
16662
16220
16501
16363
16221
16589
16491
16319
16310
16601
16764
16442
16462
16580
16643
16397
16442
16445
16339
16382
16210
16094
16430
16282
16397
15991
16267
16208
16365
16203
16424
16442
16670
16202
16310
16351
16313
16529
16195
16376
16387
16642
16547
16170
16059
16540
16339
16110
16578
16501
16486
16602
16644
16097
16370
16393
16584
16478
16196
16631
16179
16434
16194
16219
16077
16167
16368
16204
16490
16397
16367
15979
16353
16330
16474
16402
16453
16375
16305
16123
16381
16612
16677
16323
16318
16357
16795
16304
16647
16108
16238
16517
16283
16637
16526
16280
16410
16342
16543
16360
16395
16180
16124
16401
16106
16457
16518
16071
16275
16206
16178
16400
16425
